[
    [
        [
            9,
            198
        ],
        [
            73,
            201
        ],
        [
            86,
            189
        ],
        [
            89,
            175
        ]
    ],
    [
        [
            84,
            199
        ],
        [
            110,
            80
        ],
        [
            142,
            84
        ],
        [
            123,
            199
        ]
    ],
    [
        [
            123,
            199
        ],
        [
            139,
            80
        ],
        [
            174,
            93
        ],
        [
            154,
            185
        ]
    ],
    [
        [
            154,
            185
        ],
        [
            155,
            209
        ],
        [
            154,
            202
        ],
        [
            193,
            176
        ]
    ],
    [
        [
            188,
            199
        ],
        [
            214,
            80
        ],
        [
            248,
            84
        ],
        [
            227,
            199
        ]
    ],
    [
        [
            227,
            199
        ],
        [
            243,
            80
        ],
        [
            278,
            93
        ],
        [
            258,
            185
        ]
    ],
    [
        [
            258,
            185
        ],
        [
            259,
            209
        ],
        [
            258,
            202
        ],
        [
            297,
            176
        ]
    ],
    [
        [
            291,
            177
        ],
        [
            342,
            69
        ],
        [
            268,
            106
        ],
        [
            302,
            185
        ]
    ],
    [
        [
            302,
            185
        ],
        [
            325,
            212
        ],
        [
            345,
            172
        ],
        [
            345,
            14
        ]
    ],
    [
        [
            334,
            160
        ],
        [
            374,
            63
        ],
        [
            388,
            143
        ],
        [
            337,
            147
        ]
    ],
    [
        [
            337,
            142
        ],
        [
            352,
            217
        ],
        [
            359,
            208
        ],
        [
            406,
            114
        ]
    ],
    [
        [
            406,
            114
        ],
        [
            455,
            248
        ],
        [
            368,
            183
        ],
        [
            436,
            156
        ]
    ],
    [
        [
            436,
            156
        ],
        [
            500,
            114
        ],
        [
            446,
            82
        ],
        [
            445,
            155
        ]
    ],
    [
        [
            445,
            155
        ],
        [
            447,
            214
        ],
        [
            469,
            196
        ],
        [
            484,
            162
        ]
    ]
]